1023.1	297.00	0.00
25.00	297.000	0.00	8.225	0.00
75.00	297.000	0.00	8.675	0.00
125.00	297.000	0.00	9.125	0.00
175.00	297.667	0.00	9.575	0.00
225.00	299.000	0.00	10.025	0.00
275.00	300.333	0.00	10.475	0.00
325.00	301.000	0.00	10.925	0.00
375.00	301.000	0.00	11.375	0.00
425.00	301.000	0.00	11.825	0.00
475.00	301.000	0.00	12.275	0.00
525.00	301.000	0.00	12.725	0.00
575.00	301.000	0.00	13.175	0.00
625.00	301.000	0.00	13.625	0.00
675.00	301.000	0.00	14.075	0.00
725.00	301.000	0.00	14.525	0.00
775.00	301.000	0.00	14.975	0.00
825.00	301.125	0.00	15.425	0.00
875.00	301.375	0.00	15.875	0.00
925.00	301.625	0.00	16.325	0.00
975.00	301.875	0.00	16.775	0.00
1025.00	302.125	0.00	17.225	0.00
1075.00	302.375	0.00	17.675	0.00
1125.00	302.625	0.00	18.125	0.00
1175.00	302.875	0.00	18.575	0.00
1225.00	303.125	0.00	19.025	0.00
1275.00	303.375	0.00	19.475	0.00
1325.00	303.625	0.00	19.925	0.00
1375.00	303.875	0.00	20.375	0.00
1425.00	304.125	0.00	20.825	0.00
1475.00	304.375	0.00	21.275	0.00
1525.00	304.625	0.00	21.725	0.00
1575.00	304.875	0.00	22.175	0.00
1625.00	305.125	0.00	22.625	0.00
1675.00	305.375	0.00	23.075	0.00
1725.00	305.625	0.00	23.525	0.00
1775.00	305.875	0.00	23.975	0.00
1825.00	306.125	0.00	24.425	0.00
1875.00	306.375	0.00	24.875	0.00
1925.00	306.625	0.00	25.325	0.00
1975.00	306.875	0.00	25.775	0.00
2025.00	307.125	0.00	26.225	0.00
2075.00	307.375	0.00	26.675	0.00
2125.00	307.625	0.00	27.125	0.00
2175.00	307.875	0.00	27.575	0.00
2225.00	308.125	0.00	28.025	0.00
2275.00	308.375	0.00	28.475	0.00
2325.00	308.625	0.00	28.925	0.00
2375.00	308.875	0.00	29.375	0.00
2425.00	309.125	0.00	29.825	0.00
2475.00	309.375	0.00	30.275	0.00
2525.00	309.625	0.00	30.725	0.00
2575.00	309.875	0.00	31.175	0.00
2625.00	310.125	0.00	31.625	0.00
2675.00	310.375	0.00	32.075	0.00
2725.00	310.625	0.00	32.525	0.00
2775.00	310.875	0.00	32.975	0.00
2825.00	311.125	0.00	33.425	0.00
2875.00	311.375	0.00	33.875	0.00
2925.00	311.625	0.00	34.325	0.00
2975.00	311.875	0.00	34.775	0.00
3025.00	312.125	0.00	35.225	0.00
3075.00	312.375	0.00	35.675	0.00
3125.00	312.625	0.00	36.125	0.00
3175.00	312.875	0.00	36.575	0.00
3225.00	313.125	0.00	37.025	0.00
3275.00	313.375	0.00	37.475	0.00
3325.00	313.625	0.00	37.925	0.00
3375.00	313.875	0.00	38.375	0.00
3425.00	314.125	0.00	38.825	0.00
3475.00	314.375	0.00	39.275	0.00
3525.00	314.625	0.00	39.725	0.00
3575.00	314.875	0.00	40.175	0.00
3625.00	315.125	0.00	40.625	0.00
3675.00	315.375	0.00	41.075	0.00
3725.00	315.625	0.00	41.525	0.00
3775.00	315.875	0.00	41.975	0.00
3825.00	316.125	0.00	42.425	0.00
3875.00	316.375	0.00	42.875	0.00
3925.00	316.625	0.00	43.325	0.00
3975.00	316.875	0.00	43.775	0.00
4025.00	317.125	0.00	44.225	0.00
